{
    "mae": 1550.745553172701,
    "mape": 0.1764632298533905,
    "mse": 161869228.90332618,
    "rmse": 12722.783850373557
}