{
    "mae": 1222.9032885461315,
    "mape": 0.14093215207652288,
    "mse": 94266911.92911448,
    "rmse": 9709.114889067616
}