{
    "mae": 1245.6490891410413,
    "mape": 0.14467545016980526,
    "mse": 112609066.67051058,
    "rmse": 10611.741924420825
}